54270
60971
33381
53766
43128
35532
33404
47218
20546
15573
128
1526
33635
56135
6802
36920
20714
21935
36899
4637
17182
36991
46346
52378
46479
58190
13007
51496
28012
58171
14393
20437
18274
42188
27235
37945
15379
1891
11544
35536
26381
36134
50375
2928
5793
58148
23792
48723
15582
21556
15275
23228
5880
3743
10847
49971
28110
544
50243
16408
65433
53529
57858
5435
61505
22727
41522
47118
40776
26346
41615
38091
53324
19265
40890
33546
11566
23129
41507
47371
36642
5249
22039
10654
30938
23590
64118
29252
60196
37726
10039
42471
4853
40810
62081
62797
51505
46668
26131
34425
30039
45272
13724
44560
50275
28931
37948
6724
37327
52846
55172
18951
8200
1088
9292
3920
21589
48722
1252
19310
24640
8415
6939
36465
51509
62991
37135
40861
6692
18111
43098
59414
14301
51723
45603
17509
25147
14004
31559
43201
14194
7602
49605
28235
14211
43908
37385
51701
11774
44026
57994
63508
61900
41060
12002
485
25221
16333
58923
6764
48775
41903
19437
55825
46195
8241
35529
53336
19735
11632
18249
4494
46213
41632
62782
53901
14018
65264
30593
61684
10531
54252
21702
52560
21653
4814
48762
17565
50042
48967
64720
64414
32338
26510
48958
43565
40611
57584
46829
45424
21622
10088
17145
63942
20915
64313
34736
25861
16374
21860
13209
49941
41584
36178
6042
46152
7549
5160
29091
34631
30046
43996
10622
10667
50432
33984
25607
13971
4903
36362
14818
21292
41434
7018
62919
4009
17062
52859
8003
30096
30972
8460
52984
64596
2971
62553
10689
16957
54703
4823
62224
45610
3548
9424
4305
9757
22084
47820
47129
38009
53778
50882
61101
57138
29127
62948
30146
17738
10854
42990
10173
9014
48822
54049
7087
39522
45678
22162
52361
20015
10025
9892
56383
45622
11860
51027
18484
22468
10978
26122
14380
392
46998
62629
39311
45738
57302
25098
47169
48523
8080
17945
19209
18513
54324
45392
90
15965
34335
36572
4715
18273
19400
21180
51782
56882
46745
2520
26016
7997
5986
19529
28238
61499
60811
23510
32536
12313
54587
13786
38043
23328
37537
35433
7814
4319
43223
55574
22429
2153
24993
44953
28754
15846
53919
54572
22079
33015
59184
4818
51198
11918
39538
58803
28372
21633
2239
17842
53997
59382
55639
914
37099
21462
18327
9329
43423
11148
6216
11929
28922
17140
51804
32741
40800
30891
12433
33331
64944
18781
30994
40091
50097
46901
63842
38267
62629
46269
525
43290
63702
46354
60409
18580
4831
62184
25665
2267
37730
3034
14044
47906
61680
13981
46184
21582
2499
64709
61590
11890
26837
42654
59697
38999
46446
30288
38589
28178
37693
43996
2884
51360
46375
21146
4207
65202
23576
13220
23628
35905
7857
12563
1105
33182
48374
49116
10650
21260
17308
48962
40308
21792
48739
25528
58287
734
29646
3416
12004
35039
62528
40906
45864
6503
52800
64758
48084
24339
2005
18167
6796
7749
25536
54682
42649
47935
21251
63192
3452
28513
26526
50024
2820
23492
54100
26906
12958
17214
55021
31293
17287
30392
26241
55552
52372
13800
7305
39462
16250
28012
3270
51590
35639
55573
6893
49365
6301
11366
60236
63441
55136
1339
29411
42988
40970
62365
55109
65053
16409
18246
20846
9964
24517
40690
11388
36742
48921
6064
11205
42914
43457
61406
2757
7012
31253
13330
48505
36793
57028
18669
22
52280
43732
26231
12001
54945
5858
30376
17484
3949
49711
52756
37405
52726
57749
10839
51407
51060
51481
51145
30289
61599
31341
35462
41520
3134
47888
14628
36149
43224
12294
1962
16974
8381
34203
33801
39438
7899
56515
34803
27913
27413
21091
61227
64823
23206
26957
30974
32900
29657
53979
17397
51156
22896
58174
3906
56887
8602
12219
47504
53188
25702
35542
1408
21409
34735
62411
51535
37066
63262
1305
53280
63352
5854
20037
49168
39933
12181
969
47144
29321
48808
11061
47817
61164
145
16108
11488
20106
26143
48600
54602
64696
45330
6915
37845
49532
51544
46901
10355
43885
41673
20638
50852
29475
9446
39141
62451
5834
19957
5129
28150
13279
32535
50020
56074
37800
9282
30879
18693
65135
18181
52528
6054
51922
55622
33758
37211
63211
63286
1213
8818
30561
40028
36029
64831
24827
10348
56277
32879
4340
6414
2424
54715
5546
31634
47944
34039
44765
15299
40899
62882
28566
7667
21905
57764
4850
56388
10925
65525
17239
12005
50723
24881
2289
14474
7952
37853
40141
27311
16743
61561
50511
56123
2525
39635
45298
57848
31431
48155
53401
5787
10235
59919
43847
51842
9304
20154
45672
2595
34276
16248
5799
18339
18107
56704
15184
13223
19528
9446
34432
19956
57446
28682
48644
10829
18743
55016
9367
28845
42219
24898
24795
57585
10657
6550
64161
27219
42807
11150
37773
20153
37354
41170
23611
26309
8956
64277
17018
23488
47401
27374
18204
47841
6451
37974
51269
15087
24274
20208
43749
47528
61467
44140
2100
41314
26053
40687
38276
12340
58029
52762
10462
5251
55789
31495
3794
65358
39017
11781
32853
36234
35126
24596
58605
48458
19531
54897
40301
33720
45832
4825
38770
64019
13370
733
1259
6111
13540
35592
62347
21497
1019
21723
9574
26857
53164
17844
16614
57917
17663
56429
41090
51005
33527
22793
36897
34634
9200
28002
19543
58334
16132
13992
22354
1121
32202
27012
24813
36305
53207
22315
1237
20271
54725
35510
48781
23367
39850
62177
49439
64684
47208
47969
63705
36963
29011
7136
19209
16316
21039
44526
9451
56936
32949
1239
53444
11339
4696
26233
40003
813
39738
577
10574
60167
7360
48847
5160
28082
52009
11980
33195
13692
30805
15254
12560
14071
44057
47594
56546
47007
21073
31012
12243
53034
60217
5358
21488
60765
37835
62623
62948
26096
33866
9856
45606
58482
1104
15311
54398
46165
21840
11867
33232
43622
18970
63337
7111
52012
59216
22779
60651
25906
58899
1242
48601
2588
55668
30827
62757
29683
25938
4637
19992
8418
59844
18655
13641
22697
59564
39759
40183
8867
2884
44219
20120
1950
18246
18131
51838
13076
34542
46138
25605
45369
11974
63950
25600
26418
9615
59738
5390
29556
63608
44256
52902
4439
27661
54368
1507
40957
43873
37723
18183
14893
40404
63321
62734
34082
47747
9477
34563
4174
32335
39049
22414
15311
44400
41833
20887
46796
18044
32388
16302
56133
38251
54069
19501
23871
60160
31532
50533
37558
1746
64143
60827
33728
59212
12612
31070
4729
63823
46254
15829
28988
8695
2495
1634
5262
40431
59607
39310
26539
